1 [[4], [12], [8], [10], [34], [35], [18], [11], [47], [9], [37], [38], [39], [40], [48], [41], [43], [1], [2], [13], [14], [15], [16], [17], [6], [7], [25], [58], [26], [44], [64], [42], [32], [36], [66], [67], [68], [62], [63], [55], [59], [61], [60], [56], [49], [50], [51], [19], [20], [21], [22], [23], [24], [31], [33], [0], [5], [3], [52], [53], [54], [27], [28], [29], [30], [45], [46], [65], [57]]
2 [[4, 12], [34, 35], [39, 40], [15, 16], [7, 25], [67, 68], [62, 63], [59, 61], [50, 51], [23, 24], [0, 5], [53, 54], [29, 30], [46, 65]]
3 [[4, 8, 12], [10, 34, 35], [38, 39, 40], [14, 15, 16], [6, 7, 25], [66, 67, 68], [55, 59, 61], [49, 50, 51], [22, 23, 24], [0, 3, 5], [52, 53, 54], [28, 29, 30], [45, 46, 65]]
4 [[10, 18, 34, 35], [37, 38, 39, 40], [13, 14, 15, 16], [36, 66, 67, 68], [55, 59, 60, 61], [21, 22, 23, 24], [27, 28, 29, 30]]
5 [[10, 11, 18, 34, 35], [9, 37, 38, 39, 40], [2, 13, 14, 15, 16], [55, 56, 59, 60, 61], [20, 21, 22, 23, 24]]
6 [[9, 37, 38, 39, 40, 48], [1, 2, 13, 14, 15, 16], [19, 20, 21, 22, 23, 24]]
7 [[9, 37, 38, 39, 40, 47, 48], [1, 2, 13, 14, 15, 16, 17], [19, 20, 21, 22, 23, 24, 31]]
8 [[9, 37, 38, 39, 40, 41, 47, 48]]
10 [[1, 2, 6, 7, 13, 14, 15, 16, 17, 25]]
11 [[1, 2, 6, 7, 13, 14, 15, 16, 17, 25, 58]]
12 [[1, 2, 6, 7, 13, 14, 15, 16, 17, 25, 26, 58]]
13 [[1, 2, 6, 7, 13, 14, 15, 16, 17, 25, 26, 44, 58]]
14 [[1, 2, 6, 7, 13, 14, 15, 16, 17, 25, 26, 43, 44, 58]]
15 [[1, 2, 6, 7, 13, 14, 15, 16, 17, 25, 26, 43, 44, 58, 64]]
16 [[1, 2, 6, 7, 13, 14, 15, 16, 17, 25, 26, 42, 43, 44, 58, 64]]
17 [[1, 2, 6, 7, 13, 14, 15, 16, 17, 25, 26, 32, 42, 43, 44, 58, 64]]
21 [[1, 2, 6, 7, 13, 14, 15, 16, 17, 25, 26, 32, 36, 42, 43, 44, 58, 64, 66, 67, 68]]
23 [[1, 2, 6, 7, 13, 14, 15, 16, 17, 25, 26, 32, 36, 42, 43, 44, 58, 62, 63, 64, 66, 67, 68]]
28 [[1, 2, 6, 7, 13, 14, 15, 16, 17, 25, 26, 32, 36, 42, 43, 44, 55, 56, 58, 59, 60, 61, 62, 63, 64, 66, 67, 68]]
36 [[1, 2, 6, 7, 9, 13, 14, 15, 16, 17, 25, 26, 32, 36, 37, 38, 39, 40, 41, 42, 43, 44, 47, 48, 55, 56, 58, 59, 60, 61, 62, 63, 64, 66, 67, 68]]
39 [[1, 2, 6, 7, 9, 13, 14, 15, 16, 17, 25, 26, 32, 36, 37, 38, 39, 40, 41, 42, 43, 44, 47, 48, 49, 50, 51, 55, 56, 58, 59, 60, 61, 62, 63, 64, 66, 67, 68]]
44 [[1, 2, 6, 7, 9, 10, 11, 13, 14, 15, 16, 17, 18, 25, 26, 32, 34, 35, 36, 37, 38, 39, 40, 41, 42, 43, 44, 47, 48, 49, 50, 51, 55, 56, 58, 59, 60, 61, 62, 63, 64, 66, 67, 68]]
51 [[1, 2, 6, 7, 9, 10, 11, 13, 14, 15, 16, 17, 18, 19, 20, 21, 22, 23, 24, 25, 26, 31, 32, 34, 35, 36, 37, 38, 39, 40, 41, 42, 43, 44, 47, 48, 49, 50, 51, 55, 56, 58, 59, 60, 61, 62, 63, 64, 66, 67, 68]]
52 [[1, 2, 6, 7, 9, 10, 11, 13, 14, 15, 16, 17, 18, 19, 20, 21, 22, 23, 24, 25, 26, 31, 32, 33, 34, 35, 36, 37, 38, 39, 40, 41, 42, 43, 44, 47, 48, 49, 50, 51, 55, 56, 58, 59, 60, 61, 62, 63, 64, 66, 67, 68]]
55 [[1, 2, 4, 6, 7, 8, 9, 10, 11, 12, 13, 14, 15, 16, 17, 18, 19, 20, 21, 22, 23, 24, 25, 26, 31, 32, 33, 34, 35, 36, 37, 38, 39, 40, 41, 42, 43, 44, 47, 48, 49, 50, 51, 55, 56, 58, 59, 60, 61, 62, 63, 64, 66, 67, 68]]
58 [[0, 1, 2, 3, 4, 5, 6, 7, 8, 9, 10, 11, 12, 13, 14, 15, 16, 17, 18, 19, 20, 21, 22, 23, 24, 25, 26, 31, 32, 33, 34, 35, 36, 37, 38, 39, 40, 41, 42, 43, 44, 47, 48, 49, 50, 51, 55, 56, 58, 59, 60, 61, 62, 63, 64, 66, 67, 68]]
61 [[0, 1, 2, 3, 4, 5, 6, 7, 8, 9, 10, 11, 12, 13, 14, 15, 16, 17, 18, 19, 20, 21, 22, 23, 24, 25, 26, 31, 32, 33, 34, 35, 36, 37, 38, 39, 40, 41, 42, 43, 44, 47, 48, 49, 50, 51, 52, 53, 54, 55, 56, 58, 59, 60, 61, 62, 63, 64, 66, 67, 68]]
65 [[0, 1, 2, 3, 4, 5, 6, 7, 8, 9, 10, 11, 12, 13, 14, 15, 16, 17, 18, 19, 20, 21, 22, 23, 24, 25, 26, 27, 28, 29, 30, 31, 32, 33, 34, 35, 36, 37, 38, 39, 40, 41, 42, 43, 44, 47, 48, 49, 50, 51, 52, 53, 54, 55, 56, 58, 59, 60, 61, 62, 63, 64, 66, 67, 68]]
68 [[0, 1, 2, 3, 4, 5, 6, 7, 8, 9, 10, 11, 12, 13, 14, 15, 16, 17, 18, 19, 20, 21, 22, 23, 24, 25, 26, 27, 28, 29, 30, 31, 32, 33, 34, 35, 36, 37, 38, 39, 40, 41, 42, 43, 44, 45, 46, 47, 48, 49, 50, 51, 52, 53, 54, 55, 56, 58, 59, 60, 61, 62, 63, 64, 65, 66, 67, 68]]