1 [[1], [9], [37], [38], [39], [40], [47], [48], [41], [2], [13], [14], [15], [16], [17], [55], [59], [61], [60], [7], [58], [6], [25], [26], [56], [49], [50], [51], [4], [8], [0], [5], [3], [12], [10], [34], [35], [36], [66], [67], [68], [62], [63], [11], [18], [19], [23], [20], [21], [22], [24], [31], [33], [42], [43], [44], [64], [32], [28], [27], [29], [30], [45], [46], [65], [52], [53], [54], [57]]
2 [[38, 39], [47, 48], [15, 16], [59, 61], [7, 58], [6, 25], [50, 51], [4, 8], [0, 5], [34, 35], [67, 68], [62, 63], [22, 24], [43, 44], [29, 30], [46, 65], [53, 54]]
3 [[37, 38, 39], [14, 15, 16], [59, 60, 61], [49, 50, 51], [0, 3, 5], [66, 67, 68], [21, 22, 24], [27, 29, 30], [45, 46, 65], [52, 53, 54]]
4 [[37, 38, 39, 40], [13, 14, 15, 16], [55, 59, 60, 61], [6, 7, 25, 58], [36, 66, 67, 68], [20, 21, 22, 24], [27, 28, 29, 30]]
5 [[6, 7, 25, 26, 58], [0, 3, 4, 5, 8], [20, 21, 22, 23, 24]]
6 [[37, 38, 39, 40, 47, 48], [0, 3, 4, 5, 8, 12], [36, 62, 63, 66, 67, 68], [19, 20, 21, 22, 23, 24]]
7 [[37, 38, 39, 40, 41, 47, 48], [19, 20, 21, 22, 23, 24, 31], [27, 28, 29, 30, 45, 46, 65]]
8 [[9, 37, 38, 39, 40, 41, 47, 48], [34, 35, 36, 62, 63, 66, 67, 68]]
9 [[6, 7, 25, 26, 55, 58, 59, 60, 61], [10, 34, 35, 36, 62, 63, 66, 67, 68]]
10 [[6, 7, 17, 25, 26, 55, 58, 59, 60, 61], [10, 11, 34, 35, 36, 62, 63, 66, 67, 68]]
11 [[10, 11, 18, 34, 35, 36, 62, 63, 66, 67, 68]]
14 [[6, 7, 13, 14, 15, 16, 17, 25, 26, 55, 58, 59, 60, 61]]
15 [[6, 7, 13, 14, 15, 16, 17, 25, 26, 55, 56, 58, 59, 60, 61]]
16 [[2, 6, 7, 13, 14, 15, 16, 17, 25, 26, 55, 56, 58, 59, 60, 61]]
18 [[10, 11, 18, 19, 20, 21, 22, 23, 24, 31, 34, 35, 36, 62, 63, 66, 67, 68]]
19 [[10, 11, 18, 19, 20, 21, 22, 23, 24, 31, 33, 34, 35, 36, 62, 63, 66, 67, 68]]
24 [[2, 6, 7, 9, 13, 14, 15, 16, 17, 25, 26, 37, 38, 39, 40, 41, 47, 48, 55, 56, 58, 59, 60, 61]]
25 [[0, 3, 4, 5, 8, 10, 11, 12, 18, 19, 20, 21, 22, 23, 24, 31, 33, 34, 35, 36, 62, 63, 66, 67, 68]]
27 [[2, 6, 7, 9, 13, 14, 15, 16, 17, 25, 26, 37, 38, 39, 40, 41, 47, 48, 49, 50, 51, 55, 56, 58, 59, 60, 61]]
52 [[0, 2, 3, 4, 5, 6, 7, 8, 9, 10, 11, 12, 13, 14, 15, 16, 17, 18, 19, 20, 21, 22, 23, 24, 25, 26, 31, 33, 34, 35, 36, 37, 38, 39, 40, 41, 47, 48, 49, 50, 51, 55, 56, 58, 59, 60, 61, 62, 63, 66, 67, 68]]
53 [[0, 2, 3, 4, 5, 6, 7, 8, 9, 10, 11, 12, 13, 14, 15, 16, 17, 18, 19, 20, 21, 22, 23, 24, 25, 26, 31, 33, 34, 35, 36, 37, 38, 39, 40, 41, 42, 47, 48, 49, 50, 51, 55, 56, 58, 59, 60, 61, 62, 63, 66, 67, 68]]
55 [[0, 2, 3, 4, 5, 6, 7, 8, 9, 10, 11, 12, 13, 14, 15, 16, 17, 18, 19, 20, 21, 22, 23, 24, 25, 26, 31, 33, 34, 35, 36, 37, 38, 39, 40, 41, 42, 43, 44, 47, 48, 49, 50, 51, 55, 56, 58, 59, 60, 61, 62, 63, 66, 67, 68]]
56 [[0, 2, 3, 4, 5, 6, 7, 8, 9, 10, 11, 12, 13, 14, 15, 16, 17, 18, 19, 20, 21, 22, 23, 24, 25, 26, 31, 33, 34, 35, 36, 37, 38, 39, 40, 41, 42, 43, 44, 47, 48, 49, 50, 51, 55, 56, 58, 59, 60, 61, 62, 63, 64, 66, 67, 68]]
57 [[0, 2, 3, 4, 5, 6, 7, 8, 9, 10, 11, 12, 13, 14, 15, 16, 17, 18, 19, 20, 21, 22, 23, 24, 25, 26, 31, 32, 33, 34, 35, 36, 37, 38, 39, 40, 41, 42, 43, 44, 47, 48, 49, 50, 51, 55, 56, 58, 59, 60, 61, 62, 63, 64, 66, 67, 68]]
58 [[0, 1, 2, 3, 4, 5, 6, 7, 8, 9, 10, 11, 12, 13, 14, 15, 16, 17, 18, 19, 20, 21, 22, 23, 24, 25, 26, 31, 32, 33, 34, 35, 36, 37, 38, 39, 40, 41, 42, 43, 44, 47, 48, 49, 50, 51, 55, 56, 58, 59, 60, 61, 62, 63, 64, 66, 67, 68]]
65 [[0, 1, 2, 3, 4, 5, 6, 7, 8, 9, 10, 11, 12, 13, 14, 15, 16, 17, 18, 19, 20, 21, 22, 23, 24, 25, 26, 27, 28, 29, 30, 31, 32, 33, 34, 35, 36, 37, 38, 39, 40, 41, 42, 43, 44, 45, 46, 47, 48, 49, 50, 51, 55, 56, 58, 59, 60, 61, 62, 63, 64, 65, 66, 67, 68]]
68 [[0, 1, 2, 3, 4, 5, 6, 7, 8, 9, 10, 11, 12, 13, 14, 15, 16, 17, 18, 19, 20, 21, 22, 23, 24, 25, 26, 27, 28, 29, 30, 31, 32, 33, 34, 35, 36, 37, 38, 39, 40, 41, 42, 43, 44, 45, 46, 47, 48, 49, 50, 51, 52, 53, 54, 55, 56, 58, 59, 60, 61, 62, 63, 64, 65, 66, 67, 68]]