[0, 1, 2, 3, 4, 5, 6, 7, 8, 9, 10, 11, 12, 13, 14, 15, 16, 17, 18, 19, 20, 21, 22, 23, 24, 25, 26, 27, 28, 29, 30, 31, 32, 33, 34, 35, 36, 37, 38, 39, 40, 41, 42, 43, 44, 45, 46, 47, 48, 49, 50, 51, 52, 53, 54, 55, 56, 57, 58, 59, 60, 61, 62, 63, 64, 65, 66, 67, 68]
[0, 1, 2, 3, 4, 5, 6, 7, 8, 9, 10, 11, 12, 13, 14, 15, 16, 17, 18, 19, 20, 21, 22, 23, 24, 25, 26, 27, 28, 29, 30, 31, 32, 33, 34, 35, 36, 37, 38, 39, 40, 41, 42, 43, 44, 45, 46, 47, 48, 49, 50, 51, 52, 53, 54, 55, 56, 58, 59, 60, 61, 62, 63, 64, 65, 66, 67, 68]
[0, 1, 2, 3, 4, 5, 6, 7, 8, 9, 10, 11, 12, 13, 14, 15, 16, 17, 18, 19, 20, 21, 22, 23, 24, 25, 26, 27, 28, 29, 30, 31, 32, 33, 34, 35, 36, 37, 38, 39, 40, 41, 42, 43, 44, 47, 48, 49, 50, 51, 52, 53, 54, 55, 56, 58, 59, 60, 61, 62, 63, 64, 66, 67, 68]
[0, 1, 2, 3, 4, 5, 6, 7, 8, 9, 10, 11, 12, 13, 14, 15, 16, 17, 18, 19, 20, 21, 22, 23, 24, 25, 26, 31, 32, 33, 34, 35, 36, 37, 38, 39, 40, 41, 42, 43, 44, 47, 48, 49, 50, 51, 52, 53, 54, 55, 56, 58, 59, 60, 61, 62, 63, 64, 66, 67, 68]
[0, 1, 2, 3, 4, 5, 6, 7, 8, 9, 10, 11, 12, 13, 14, 15, 16, 17, 18, 19, 20, 21, 22, 23, 24, 25, 26, 31, 32, 33, 34, 35, 36, 37, 38, 39, 40, 41, 42, 43, 44, 47, 48, 49, 50, 51, 55, 56, 58, 59, 60, 61, 62, 63, 64, 66, 67, 68]
[1, 2, 4, 6, 7, 8, 9, 10, 11, 12, 13, 14, 15, 16, 17, 18, 19, 20, 21, 22, 23, 24, 25, 26, 31, 32, 33, 34, 35, 36, 37, 38, 39, 40, 41, 42, 43, 44, 47, 48, 49, 50, 51, 55, 56, 58, 59, 60, 61, 62, 63, 64, 66, 67, 68]
[4, 8, 12]
[4, 12]
[4]
[12]
[8]
[1, 2, 6, 7, 9, 10, 11, 13, 14, 15, 16, 17, 18, 19, 20, 21, 22, 23, 24, 25, 26, 31, 32, 33, 34, 35, 36, 37, 38, 39, 40, 41, 42, 43, 44, 47, 48, 49, 50, 51, 55, 56, 58, 59, 60, 61, 62, 63, 64, 66, 67, 68]
[1, 2, 6, 7, 9, 10, 11, 13, 14, 15, 16, 17, 18, 19, 20, 21, 22, 23, 24, 25, 26, 31, 32, 34, 35, 36, 37, 38, 39, 40, 41, 42, 43, 44, 47, 48, 49, 50, 51, 55, 56, 58, 59, 60, 61, 62, 63, 64, 66, 67, 68]
[1, 2, 6, 7, 9, 10, 11, 13, 14, 15, 16, 17, 18, 25, 26, 32, 34, 35, 36, 37, 38, 39, 40, 41, 42, 43, 44, 47, 48, 49, 50, 51, 55, 56, 58, 59, 60, 61, 62, 63, 64, 66, 67, 68]
[10, 11, 18, 34, 35]
[10, 18, 34, 35]
[10, 34, 35]
[10]
[34, 35]
[34]
[35]
[18]
[11]
[1, 2, 6, 7, 9, 13, 14, 15, 16, 17, 25, 26, 32, 36, 37, 38, 39, 40, 41, 42, 43, 44, 47, 48, 49, 50, 51, 55, 56, 58, 59, 60, 61, 62, 63, 64, 66, 67, 68]
[1, 2, 6, 7, 9, 13, 14, 15, 16, 17, 25, 26, 32, 36, 37, 38, 39, 40, 41, 42, 43, 44, 47, 48, 55, 56, 58, 59, 60, 61, 62, 63, 64, 66, 67, 68]
[9, 37, 38, 39, 40, 41, 47, 48]
[9, 37, 38, 39, 40, 47, 48]
[47]
[9, 37, 38, 39, 40, 48]
[9, 37, 38, 39, 40]
[9]
[37, 38, 39, 40]
[37]
[38, 39, 40]
[38]
[39, 40]
[39]
[40]
[48]
[41]
[1, 2, 6, 7, 13, 14, 15, 16, 17, 25, 26, 32, 36, 42, 43, 44, 55, 56, 58, 59, 60, 61, 62, 63, 64, 66, 67, 68]
[1, 2, 6, 7, 13, 14, 15, 16, 17, 25, 26, 32, 36, 42, 43, 44, 58, 62, 63, 64, 66, 67, 68]
[1, 2, 6, 7, 13, 14, 15, 16, 17, 25, 26, 32, 36, 42, 43, 44, 58, 64, 66, 67, 68]
[1, 2, 6, 7, 13, 14, 15, 16, 17, 25, 26, 32, 42, 43, 44, 58, 64]
[1, 2, 6, 7, 13, 14, 15, 16, 17, 25, 26, 42, 43, 44, 58, 64]
[1, 2, 6, 7, 13, 14, 15, 16, 17, 25, 26, 43, 44, 58, 64]
[1, 2, 6, 7, 13, 14, 15, 16, 17, 25, 26, 43, 44, 58]
[43]
[1, 2, 6, 7, 13, 14, 15, 16, 17, 25, 26, 44, 58]
[1, 2, 6, 7, 13, 14, 15, 16, 17, 25, 26, 58]
[1, 2, 6, 7, 13, 14, 15, 16, 17, 25, 58]
[1, 2, 6, 7, 13, 14, 15, 16, 17, 25]
[1, 2, 13, 14, 15, 16, 17]
[1, 2, 13, 14, 15, 16]
[1]
[2, 13, 14, 15, 16]
[2]
[13, 14, 15, 16]
[13]
[14, 15, 16]
[14]
[15, 16]
[15]
[16]
[17]
[6, 7, 25]
[6]
[7, 25]
[7]
[25]
[58]
[26]
[44]
[64]
[42]
[32]
[36, 66, 67, 68]
[36]
[66, 67, 68]
[66]
[67, 68]
[67]
[68]
[62, 63]
[62]
[63]
[55, 56, 59, 60, 61]
[55, 59, 60, 61]
[55, 59, 61]
[55]
[59, 61]
[59]
[61]
[60]
[56]
[49, 50, 51]
[49]
[50, 51]
[50]
[51]
[19, 20, 21, 22, 23, 24, 31]
[19, 20, 21, 22, 23, 24]
[19]
[20, 21, 22, 23, 24]
[20]
[21, 22, 23, 24]
[21]
[22, 23, 24]
[22]
[23, 24]
[23]
[24]
[31]
[33]
[0, 3, 5]
[0, 5]
[0]
[5]
[3]
[52, 53, 54]
[52]
[53, 54]
[53]
[54]
[27, 28, 29, 30]
[27]
[28, 29, 30]
[28]
[29, 30]
[29]
[30]
[45, 46, 65]
[45]
[46, 65]
[46]
[65]
[57]
